     0.500000      93.3163      2.79949
     0.550000      94.3494      2.83048
     0.600000      92.1148      2.76344
     0.650000      95.9769      2.87931
      1.20000      95.5560      2.86668
      1.25000      97.1720      2.91516
      1.30000      92.9516      2.78855
      2.30000      91.7032      2.75110
      2.35000      90.9615      2.72885
      2.40000      94.8660      2.84598
      2.45000      89.4857      2.68457
      2.55000      88.3103      2.64931
      4.10000      73.2056      2.19617
      4.50000      73.4034      2.20210
      6.20000      81.8119      2.45436
      6.22000      78.0178      2.34053
      6.50000      83.5468      2.50640
      6.90000      88.4055      2.65216
      11.0000      77.9270      2.33781
      11.0500      76.7163      2.30149
      11.1000      73.5313      2.20594
      11.1500      77.6021      2.32806
      11.2000      75.0382      2.25114
      11.2500      76.1645      2.28493
      11.3000      73.6241      2.20872
      15.5000      96.8029      2.90409
